(module Connector-Debug-6pos-TagConnect-TC2030-Legs (layer F.Cu) (tedit 613BB323)
  (attr smd)
  (fp_text reference REF** (at 0 4.4 180) (layer F.SilkS)
    (effects (font (size 1 1) (thickness 0.15)))
  )
  (fp_text value Connector-Debug-6pos-TagConnect-TC2030-Legs (at -0.05 4.699) (layer F.Fab)
    (effects (font (size 1 1) (thickness 0.15)))
  )
  (fp_line (start 1.016 3.556) (end -1.016 3.556) (layer F.CrtYd) (width 0.12))
  (fp_line (start -1.523999 -3.048) (end -1.889248 -2.159984) (layer F.CrtYd) (width 0.12))
  (fp_line (start 1.523999 -3.047999) (end 1.881858 -2.159) (layer F.CrtYd) (width 0.12))
  (fp_line (start -2.032 2.54) (end -2.032 -1.27) (layer F.CrtYd) (width 0.12))
  (fp_line (start 2.032 2.54) (end 2.032 -1.27) (layer F.CrtYd) (width 0.12))
  (fp_arc (start 1.016 2.54) (end 1.016 3.556) (angle -90) (layer F.CrtYd) (width 0.12))
  (fp_arc (start -1.016 2.54) (end -2.032 2.54) (angle -90) (layer F.CrtYd) (width 0.12))
  (fp_arc (start 0.015752 -1.397984) (end -1.889248 -2.159984) (angle -25.37772993) (layer F.CrtYd) (width 0.12))
  (fp_arc (start 0 -1.397) (end 2.032 -1.27) (angle -26.7) (layer F.CrtYd) (width 0.12))
  (fp_arc (start 0 -2.54) (end 1.523999 -3.047999) (angle -143.1301024) (layer F.CrtYd) (width 0.12))
  (fp_line (start -1.523999 -3.048) (end -1.889248 -2.159984) (layer F.SilkS) (width 0.12))
  (fp_line (start -2.032 2.54) (end -2.032 -1.27) (layer F.SilkS) (width 0.12))
  (fp_line (start 1.523999 -3.047999) (end 1.881858 -2.159) (layer F.SilkS) (width 0.12))
  (fp_line (start 1.016 3.556) (end -1.016 3.556) (layer F.SilkS) (width 0.12))
  (fp_line (start 2.032 2.54) (end 2.032 -1.27) (layer F.SilkS) (width 0.12))
  (fp_arc (start 1.016 2.54) (end 1.016 3.556) (angle -90) (layer F.SilkS) (width 0.12))
  (fp_arc (start 0 -2.54) (end 1.523999 -3.047999) (angle -143.1) (layer F.SilkS) (width 0.12))
  (fp_arc (start 0 -1.397) (end 2.032 -1.27) (angle -26.7) (layer F.SilkS) (width 0.12))
  (fp_arc (start 0.015752 -1.397984) (end -1.889248 -2.159984) (angle -25.4) (layer F.SilkS) (width 0.12))
  (fp_arc (start -1.016 2.54) (end -2.032 2.54) (angle -90) (layer F.SilkS) (width 0.12))
  (pad "" np_thru_hole circle (at 1.016 2.54) (size 1.016 1.016) (drill 1.016) (layers *.Cu *.Mask))
  (pad "" np_thru_hole circle (at -1.016 2.54) (size 1.016 1.016) (drill 1.016) (layers *.Cu *.Mask))
  (pad "" np_thru_hole circle (at 0 -2.54) (size 1.016 1.016) (drill 1.016) (layers *.Cu *.Mask))
  (pad 2 smd circle (at 0.635 -1.27) (size 0.8382 0.8382) (layers F.Cu F.Mask))
  (pad 4 smd circle (at 0.635 0) (size 0.8382 0.8382) (layers F.Cu F.Mask))
  (pad 6 smd circle (at 0.635 1.27) (size 0.8382 0.8382) (layers F.Cu F.Mask))
  (pad 5 smd circle (at -0.635 1.27) (size 0.8382 0.8382) (layers F.Cu F.Mask))
  (pad 3 smd circle (at -0.635 0) (size 0.8382 0.8382) (layers F.Cu F.Mask))
  (pad 1 smd circle (at -0.635 -1.27) (size 0.8382 0.8382) (layers F.Cu F.Mask))
  (pad "" np_thru_hole circle (at 2.54 -2.54) (size 2.3622 2.3622) (drill 2.3622) (layers *.Cu *.Mask))
  (pad "" np_thru_hole circle (at 2.54 0.635) (size 2.3622 2.3622) (drill 2.3622) (layers *.Cu *.Mask))
  (pad "" np_thru_hole circle (at -2.54 0.635) (size 2.3622 2.3622) (drill 2.3622) (layers *.Cu *.Mask))
  (pad "" np_thru_hole circle (at -2.54 -2.54) (size 2.3622 2.3622) (drill 2.3622) (layers *.Cu *.Mask))
)
